base.mlp.fc.0.weight Parameter containing:
tensor([[-0.5424, -0.2850, -0.0825,  ...,  0.4570,  0.0294,  0.1810],
        [-0.5903, -0.0220, -0.3817,  ..., -0.0482,  0.0945, -0.2838],
        [-0.1292, -0.1100, -0.1598,  ..., -0.2906, -0.1691, -0.1837],
        ...,
        [ 0.5260,  0.5140, -0.0989,  ..., -0.0957, -0.1346, -0.2228],
        [-0.2094,  0.0425,  0.2509,  ..., -0.2119, -0.1277, -0.0796],
        [-0.3239,  0.0580, -0.6282,  ...,  0.0711, -0.2104, -0.1632]],
       requires_grad=True)
base.mlp.fc.0.bias Parameter containing:
tensor([ 0.3028, -0.1273, -0.2616, -0.1500,  0.1585,  0.1656,  0.1863, -0.0790,
         0.0732,  0.2471,  0.2669,  0.1952,  0.0177,  0.2690, -0.2069, -0.1864,
         0.0593,  0.0958, -0.2077,  0.0712, -0.2023, -0.1453,  0.1938,  0.2734,
        -0.3251,  0.1053, -0.0576, -0.2705, -0.2338,  0.2272, -0.0956,  0.1710,
        -0.1209,  0.1318, -0.1899,  0.1937,  0.0537,  0.2851,  0.0265, -0.1329,
         0.0157, -0.1547,  0.3098, -0.2008,  0.1302,  0.1163, -0.0031, -0.1300,
         0.1158, -0.0664,  0.1735,  0.1806, -0.2871, -0.0350, -0.0019,  0.1006,
        -0.0935, -0.1828,  0.1460, -0.1470, -0.2528,  0.0400,  0.0998,  0.0037,
         0.0573,  0.1480,  0.1343,  0.2571,  0.2336, -0.1419, -0.1043, -0.0687,
        -0.2189,  0.1148, -0.0416, -0.0559,  0.1515, -0.1481, -0.2161,  0.0722,
        -0.0182, -0.0924,  0.0950, -0.0719, -0.2151,  0.1722,  0.2873,  0.1902,
         0.0909,  0.2164,  0.0800,  0.0870, -0.1653,  0.0768,  0.0625, -0.0182,
        -0.2640,  0.2379,  0.1170, -0.1158,  0.2586, -0.0163, -0.0770, -0.0082,
        -0.2677,  0.0015, -0.0291,  0.0749, -0.1214, -0.2623,  0.0028,  0.1608,
         0.1270,  0.1821,  0.1919, -0.0748,  0.1064,  0.1413, -0.1851,  0.2054,
        -0.2398, -0.1676,  0.1300, -0.1568,  0.2160,  0.2788,  0.2224, -0.1394],
       requires_grad=True)
base.mlp.fc.2.weight Parameter containing:
tensor([1.0224, 1.1362, 0.9284, 0.9704, 1.0898, 0.9822, 0.9726, 0.9495, 0.9959,
        1.0278, 1.1007, 1.1118, 0.9702, 1.0494, 1.1096, 1.0516, 0.9532, 0.9542,
        1.1283, 0.9508, 1.1004, 0.9299, 1.0335, 1.0531, 0.9273, 0.9536, 1.0394,
        0.9544, 1.0047, 0.9492, 0.9292, 1.0826, 0.9771, 1.1127, 0.9749, 1.1493,
        0.9539, 1.0643, 1.0038, 0.9522, 1.1227, 0.9660, 0.9462, 0.9770, 0.9235,
        0.9855, 1.0577, 0.9107, 1.0566, 0.9464, 1.0052, 1.0357, 0.9970, 0.9796,
        1.0540, 0.9351, 1.0756, 0.9915, 0.9025, 0.9818, 0.9641, 1.1129, 0.9866,
        1.0083, 0.9663, 0.9748, 0.9465, 1.1945, 0.9315, 1.0875, 0.9745, 0.9428,
        0.9794, 1.0500, 0.9816, 0.9749, 1.0173, 0.9778, 0.9448, 0.9321, 1.0121,
        1.0304, 0.9478, 0.9455, 0.9509, 0.9757, 1.0897, 1.0061, 0.9745, 0.9951,
        1.0379, 0.9935, 1.1516, 1.0601, 1.0575, 0.9670, 0.9762, 1.1751, 0.9845,
        1.2229, 1.0370, 0.9432, 0.9715, 0.9661, 0.9553, 0.9628, 0.9861, 1.0496,
        0.9587, 1.0040, 0.9610, 0.9873, 0.9717, 0.9624, 0.9358, 0.9537, 0.9913,
        0.9410, 0.9476, 0.9683, 0.9683, 0.9235, 0.9394, 1.0732, 1.0766, 1.0586,
        1.0421, 1.0326], requires_grad=True)
base.mlp.fc.2.bias Parameter containing:
tensor([ 0.0089, -0.0110,  0.0694,  0.0283, -0.0048,  0.0310, -0.0372,  0.0635,
         0.0400, -0.0187,  0.0211, -0.0092,  0.0096,  0.0064,  0.0112,  0.0081,
        -0.0453,  0.0522, -0.0118, -0.0563, -0.0012,  0.0773,  0.0181, -0.0076,
         0.0731,  0.0459, -0.0347,  0.0496,  0.0194,  0.0495,  0.0831, -0.0079,
         0.0234, -0.0095, -0.0400, -0.0046,  0.0475,  0.0054,  0.0377,  0.0509,
        -0.0024,  0.0221,  0.0584,  0.0562, -0.0712, -0.0371,  0.0143,  0.0882,
         0.0013,  0.0570, -0.0190, -0.0011, -0.0155,  0.0130,  0.0071,  0.0635,
         0.0138, -0.0427,  0.1062,  0.0182,  0.0363,  0.0123, -0.0280,  0.0187,
         0.0418,  0.0216,  0.0425, -0.0127,  0.0341, -0.0008,  0.0298,  0.0679,
         0.0189,  0.0198, -0.0345, -0.0387, -0.0317,  0.0345,  0.0544,  0.0650,
         0.0199, -0.0084,  0.0587,  0.0637,  0.0469,  0.0106,  0.0003, -0.0256,
        -0.0412, -0.0207, -0.0219,  0.0412, -0.0007, -0.0250, -0.0135,  0.0335,
        -0.0323, -0.0029,  0.0151,  0.0044, -0.0251,  0.0565,  0.0423,  0.0471,
         0.0480,  0.0396, -0.0399, -0.0300,  0.0397,  0.0112,  0.0409, -0.0243,
        -0.0278, -0.0497,  0.0490, -0.0556,  0.0018,  0.0588,  0.0546, -0.0389,
         0.0397,  0.0643,  0.0787,  0.0015,  0.0186,  0.0173, -0.0194,  0.0026],
       requires_grad=True)
base.mlp.fc.3.weight Parameter containing:
tensor([[ 0.0771,  0.0631, -0.0147,  ...,  0.0419,  0.0123,  0.0503],
        [-0.0250,  0.0225,  0.0234,  ...,  0.1013, -0.0365,  0.1058],
        [-0.0870,  0.0349, -0.0051,  ..., -0.0266, -0.0669,  0.0069],
        ...,
        [ 0.1158, -0.0468, -0.0174,  ...,  0.0020, -0.1528,  0.2370],
        [ 0.0731, -0.0476,  0.0065,  ...,  0.0010, -0.0319, -0.1037],
        [-0.0510,  0.0211, -0.0935,  ..., -0.0323, -0.1740, -0.0462]],
       requires_grad=True)
base.mlp.fc.3.bias Parameter containing:
tensor([-0.0157, -0.0721,  0.0519,  0.0583, -0.0164,  0.0274,  0.0696, -0.0124,
        -0.0319, -0.0760, -0.0690, -0.0553, -0.0788,  0.0151,  0.0448,  0.0454,
        -0.0068, -0.0782,  0.0331,  0.0608, -0.0998, -0.0023,  0.0098,  0.0146,
        -0.0858,  0.0613, -0.0594, -0.0931,  0.0914,  0.0797,  0.0360,  0.0226,
        -0.0644, -0.0443, -0.0320, -0.0409,  0.0930,  0.0068, -0.0148,  0.0371,
         0.0286, -0.0487, -0.0785, -0.0904,  0.0438,  0.0097,  0.0019,  0.0581,
        -0.0248,  0.0020, -0.0652,  0.0018, -0.1090,  0.0222, -0.0346, -0.0646,
         0.0100,  0.0579, -0.0536, -0.0397, -0.0208, -0.0411, -0.0571, -0.0383,
         0.0642,  0.0192, -0.0912,  0.0777,  0.0477, -0.0586,  0.0640, -0.0589,
        -0.0648, -0.0017, -0.0785,  0.0011, -0.0757, -0.0396, -0.0666, -0.0422,
        -0.0523, -0.0501, -0.0989, -0.0648,  0.0280, -0.0696, -0.0601, -0.0579,
         0.0632, -0.0052,  0.0285,  0.0153,  0.0058, -0.0606,  0.0583, -0.0627,
         0.0335, -0.0577,  0.0229,  0.0697, -0.0737,  0.0607, -0.0667,  0.0216,
        -0.0656,  0.0112,  0.0203,  0.0496,  0.0582, -0.0390, -0.0541,  0.0450,
         0.0433, -0.0518, -0.0870, -0.0453, -0.0415, -0.0456,  0.0818, -0.0759,
         0.0505,  0.0558, -0.0615, -0.0716, -0.0793,  0.0997, -0.0716, -0.0317],
       requires_grad=True)
base.mlp.fc.5.weight Parameter containing:
tensor([0.9201, 0.9495, 0.9638, 0.9754, 1.0708, 1.0711, 1.0391, 1.0402, 1.0220,
        0.9342, 1.0037, 0.9410, 0.9682, 1.0262, 1.0670, 1.0340, 1.0122, 0.9891,
        1.0511, 1.0749, 1.0919, 1.0737, 1.0097, 1.0381, 0.9760, 0.9584, 0.9828,
        0.9806, 1.0212, 1.0478, 0.9393, 0.9769, 0.9158, 0.9850, 0.9852, 1.0206,
        0.9253, 1.0385, 0.9429, 1.0118, 1.0053, 0.9392, 0.9746, 1.0334, 1.0280,
        1.0293, 1.0334, 1.0107, 1.0953, 1.0699, 0.9569, 1.0419, 0.9569, 1.0577,
        1.0511, 1.0183, 1.0473, 1.0126, 0.9642, 1.0400, 0.9440, 0.9838, 1.0408,
        1.0132, 1.0695, 0.9252, 0.9100, 0.9170, 1.0589, 0.9552, 1.0480, 1.0786,
        0.9255, 0.9224, 1.1291, 0.9323, 1.0058, 0.8722, 1.1058, 0.9059, 0.9275,
        0.9921, 0.9704, 1.0197, 1.0368, 0.9666, 0.9741, 1.0233, 1.0979, 1.1086,
        1.0150, 0.9470, 0.9542, 1.0063, 1.0304, 1.0446, 0.9915, 1.0709, 1.0627,
        0.9923, 0.9460, 1.0594, 1.0003, 1.0118, 0.9734, 0.9180, 0.9608, 1.0254,
        1.0147, 1.0000, 0.9750, 1.0678, 1.0887, 0.9471, 0.9989, 1.0431, 0.9380,
        0.9651, 1.0476, 1.0402, 0.9782, 0.9884, 1.0162, 1.0357, 1.0400, 1.0207,
        0.9456, 0.9434], requires_grad=True)
base.mlp.fc.5.bias Parameter containing:
tensor([ 0.0763,  0.0526,  0.0110, -0.0130, -0.0364, -0.0132,  0.0069, -0.0209,
         0.0529,  0.0425, -0.0010,  0.0708,  0.0134,  0.0711,  0.0202,  0.0304,
         0.0434, -0.0056,  0.0247, -0.0349,  0.0337, -0.0005, -0.0214,  0.0449,
         0.0385,  0.0227, -0.0213,  0.0506,  0.0429,  0.0465,  0.0700,  0.0222,
         0.0987,  0.0061,  0.0256, -0.0270,  0.0917,  0.0400,  0.0546,  0.0510,
         0.0564,  0.0657,  0.0512,  0.0114, -0.0459, -0.0074, -0.0069,  0.0682,
        -0.0341,  0.0457,  0.0451, -0.0375,  0.0399, -0.0367,  0.0102,  0.0334,
        -0.0058,  0.0395,  0.0595,  0.0554,  0.0261, -0.0160,  0.0369,  0.0290,
         0.0334,  0.0872,  0.0931,  0.0259,  0.0077,  0.0816,  0.0009, -0.0065,
         0.0743,  0.0782, -0.0284,  0.0391,  0.0092,  0.0466,  0.0341,  0.0603,
         0.0567,  0.0654,  0.0189,  0.0309, -0.0238,  0.0372, -0.0005, -0.0320,
        -0.0274, -0.0192, -0.0148,  0.0523,  0.0248, -0.0291,  0.0480,  0.0200,
         0.0440, -0.0417,  0.0108,  0.0259,  0.0567,  0.0496,  0.0022,  0.0193,
        -0.0267,  0.0198,  0.0478, -0.0066, -0.0023,  0.0180,  0.0337, -0.0036,
        -0.0255,  0.0469, -0.0613,  0.0224,  0.0517, -0.0043,  0.0301, -0.0108,
         0.0339,  0.0672, -0.0083,  0.0229, -0.0369,  0.0481,  0.0705,  0.0755],
       requires_grad=True)
rnn.gru.weight_ih_l0 Parameter containing:
tensor([[-0.0106, -0.0766, -0.2017,  ..., -0.0089, -0.0558, -0.0365],
        [ 0.0132,  0.0616, -0.0167,  ...,  0.0050, -0.0865, -0.0616],
        [ 0.0262, -0.0028, -0.1052,  ...,  0.0422, -0.0643, -0.0386],
        ...,
        [-0.0360, -0.0767,  0.1135,  ...,  0.1446, -0.0249,  0.0864],
        [-0.0176, -0.0515,  0.0416,  ...,  0.0559, -0.0811,  0.0373],
        [-0.0494, -0.0643, -0.0711,  ...,  0.0592,  0.0301,  0.0213]],
       requires_grad=True)
rnn.gru.weight_hh_l0 Parameter containing:
tensor([[-0.0126, -0.1374, -0.0352,  ..., -0.1490,  0.0908, -0.0152],
        [ 0.1406, -0.1044, -0.0564,  ..., -0.0125,  0.1203, -0.0197],
        [-0.1078, -0.0435,  0.0153,  ..., -0.0047,  0.0693,  0.0133],
        ...,
        [ 0.0447, -0.1160,  0.1191,  ..., -0.0613,  0.0597, -0.0166],
        [-0.0606, -0.1020,  0.1255,  ...,  0.0850,  0.1091, -0.0553],
        [-0.0961,  0.0444, -0.0581,  ...,  0.0207, -0.0125, -0.0978]],
       requires_grad=True)
rnn.gru.bias_ih_l0 Parameter containing:
tensor([ 5.1267e-02, -1.5863e-02, -2.1831e-02, -4.7812e-02, -2.4681e-02,
         1.2871e-01,  2.2908e-02, -6.0441e-02,  5.1564e-02,  9.4090e-02,
         1.8988e-02, -1.0778e-01,  7.0986e-02, -2.1351e-02,  7.9088e-02,
         8.2233e-02,  5.5449e-02,  4.6283e-02,  7.7528e-02,  1.2421e-02,
         8.1872e-02, -1.8410e-02,  5.9914e-02,  3.9914e-02,  3.6153e-02,
         1.1055e-02,  6.4827e-02, -5.3479e-02, -1.4437e-02,  5.7286e-02,
         1.9536e-02, -9.1037e-02,  4.3460e-02,  3.9689e-02,  7.8888e-02,
        -7.1728e-02,  9.6989e-02, -4.2711e-02,  6.8826e-02,  2.0699e-02,
         5.1932e-02, -5.5639e-02, -1.2901e-01, -3.0022e-02,  7.1771e-02,
         2.1598e-02, -3.8467e-02, -6.7863e-02, -9.4707e-02, -6.0856e-02,
         7.6125e-02,  3.8306e-02,  1.9490e-02, -7.3938e-03,  7.1093e-02,
        -9.6486e-02,  5.1400e-02, -2.4603e-02,  1.9394e-02,  3.3037e-02,
         1.4435e-01,  4.6870e-02,  9.2412e-02,  5.8188e-03, -8.0958e-02,
         1.1223e-01, -4.3160e-02,  3.1501e-02,  5.9524e-02,  6.0594e-02,
         3.7715e-02,  7.1459e-02, -1.0293e-01, -2.7480e-02,  2.7472e-03,
         6.2050e-02, -1.8729e-02, -1.2749e-03, -8.7946e-02, -8.8710e-02,
         3.1137e-02,  5.9264e-02, -4.4445e-02, -5.9793e-02,  7.5757e-02,
        -1.1772e-02,  6.3660e-02, -1.6447e-02, -3.7148e-02, -5.4059e-03,
         8.9876e-02, -2.6338e-02,  6.8340e-03, -1.2295e-04,  6.2304e-02,
        -5.2274e-02,  1.3774e-01, -4.3981e-03,  1.1751e-01, -4.8430e-03,
         3.0518e-02,  4.8456e-03,  4.3442e-02,  1.2436e-01, -6.4292e-02,
         7.9729e-02,  4.0972e-02,  3.6152e-02,  7.2354e-02, -7.4395e-02,
         7.2922e-02,  6.4685e-02,  1.7997e-01,  1.4130e-04, -1.3261e-01,
         4.2052e-02, -8.2116e-02,  4.8995e-02,  2.9609e-03,  6.9382e-02,
         4.1031e-02, -5.8991e-02, -6.8876e-02, -7.9196e-02,  1.0761e-01,
         1.6255e-01,  5.1406e-02,  8.5656e-02, -3.4623e-02,  3.8127e-02,
        -6.0039e-02,  4.8104e-02, -7.7001e-02, -1.2674e-01, -1.8461e-01,
         5.4829e-02,  2.6807e-02, -8.7736e-02, -1.0173e-02,  3.7302e-02,
        -2.0867e-02, -3.7068e-02, -1.3231e-01, -8.1504e-02,  1.3281e-02,
        -1.0203e-01, -1.0026e-01, -1.1334e-01, -1.8435e-01, -3.9435e-02,
        -2.5290e-01, -4.4410e-02, -4.3133e-02,  7.0469e-03, -6.4321e-02,
        -6.6070e-03, -4.3628e-02,  7.5174e-03,  1.3008e-01,  3.9188e-02,
         6.5575e-02, -1.1650e-01, -1.1754e-01, -8.2477e-02,  1.4351e-02,
        -1.7116e-01,  6.3052e-02,  3.4069e-03, -8.4056e-04, -3.3484e-02,
         8.2346e-04,  6.7643e-02, -8.0224e-02, -3.3724e-02,  2.6294e-02,
        -4.5427e-02, -8.4456e-02, -3.1422e-02, -1.4242e-01, -1.6612e-01,
         3.4168e-02, -2.2396e-02, -3.0044e-02, -6.2347e-02,  1.2062e-01,
         2.8804e-02, -5.5824e-02, -5.6758e-02,  4.6029e-02,  6.1347e-02,
         1.0171e-01,  2.8294e-02, -1.1633e-01, -6.5068e-02,  1.0296e-01,
         5.8028e-02,  4.2538e-02, -1.0149e-01, -8.6498e-03,  4.3698e-03,
        -9.9184e-02,  1.1710e-01,  8.2867e-02,  4.6927e-02,  8.2027e-02,
         7.6065e-02,  6.0340e-02,  3.7557e-02,  4.3355e-02, -2.1924e-02,
        -1.2858e-01, -1.2886e-03, -1.2546e-03,  5.7815e-03, -4.5311e-02,
        -1.5837e-01,  2.2391e-02,  2.3094e-02,  6.7143e-02,  3.1419e-02,
        -9.6999e-03, -1.9812e-01,  7.6990e-03,  7.5811e-02, -3.0692e-02,
        -3.6821e-02,  4.6354e-03,  7.3875e-02, -1.7256e-01, -1.1390e-01,
         1.0003e-01, -7.1318e-02,  2.7628e-02, -7.3736e-02, -1.7216e-01,
        -1.0249e-01,  7.3340e-02, -1.4808e-01, -4.2172e-02, -1.8493e-01,
         8.7765e-03, -6.7386e-02, -1.6423e-01, -9.1236e-02, -1.9811e-02,
         2.1454e-02, -4.4900e-02,  1.0534e-02, -6.8009e-02, -6.5445e-02,
         3.3747e-02, -5.8012e-03,  1.1377e-01, -4.2327e-02,  4.1149e-02,
         1.0735e-01, -2.3586e-03,  3.5252e-02, -6.2375e-02, -8.4719e-03,
         2.8173e-02, -6.4710e-02,  2.6413e-02, -7.5038e-02, -4.4356e-02,
        -8.4209e-02, -1.3207e-02,  6.7314e-02, -9.4979e-02, -1.6681e-02,
        -4.9610e-02,  5.4166e-02, -2.1225e-03,  6.7332e-02, -1.3794e-02,
         4.1157e-02, -2.6490e-02, -3.6384e-02, -2.3794e-02, -6.9767e-02,
         5.5337e-02, -5.4297e-02,  5.1797e-04, -6.6375e-02, -2.8002e-02,
         8.6376e-02,  2.3249e-02, -6.0010e-02, -7.4726e-03,  6.0864e-02,
         4.7069e-02, -1.1133e-02,  7.8294e-02, -4.0952e-02, -1.0652e-02,
        -1.8650e-02,  4.3612e-02,  5.8249e-02,  5.2605e-02, -4.8257e-02,
        -7.2061e-02, -8.8014e-03, -9.7546e-02,  1.0291e-01,  2.3173e-02,
         7.8237e-02,  2.3098e-02, -6.6908e-02,  7.5397e-02,  7.5581e-02,
        -2.3915e-02,  2.8727e-02,  6.8566e-03, -6.4972e-02,  6.5283e-02,
         3.0285e-02, -6.5485e-04,  2.3975e-02, -2.8586e-03, -3.0852e-04,
        -3.0550e-02, -9.9133e-03, -1.4669e-02,  5.2060e-04,  8.9714e-02,
        -3.8030e-02, -8.5575e-02,  1.9279e-02, -8.4805e-02, -1.5391e-02,
         9.2325e-02,  6.5766e-02,  1.6068e-02,  7.8277e-02,  7.4001e-02,
        -1.0262e-01,  3.4305e-02, -8.6305e-04,  5.5933e-02,  2.8352e-02,
        -2.6947e-02, -5.5204e-02,  5.5213e-02,  9.5222e-02, -7.2220e-02,
         8.6585e-02,  2.4092e-02, -3.1304e-02,  3.5134e-03,  3.6309e-04,
        -7.6592e-02, -4.4108e-02,  8.1646e-02,  9.2621e-03, -1.9277e-02,
        -1.4911e-02, -3.8047e-02, -6.4116e-02,  2.4747e-02, -3.1929e-02,
         2.3277e-02, -4.1032e-03, -7.1396e-03,  6.5688e-02, -1.6496e-02,
        -7.8724e-02, -9.2199e-02, -1.4198e-02, -5.6351e-02,  3.4788e-02,
         9.4875e-02, -6.5068e-04,  3.2396e-02, -1.1394e-01, -2.3708e-02,
        -7.6003e-02, -2.6640e-02, -1.9688e-02,  3.2018e-02,  4.2528e-02,
        -1.7902e-02,  2.1958e-02,  9.9687e-02,  1.5309e-03],
       requires_grad=True)
rnn.gru.bias_hh_l0 Parameter containing:
tensor([ 0.0069, -0.0005,  0.0260,  0.0461,  0.0932,  0.0063,  0.0388,  0.0681,
         0.1265,  0.2118,  0.1129, -0.0030,  0.0659, -0.0921,  0.0753,  0.1524,
         0.0787,  0.0180, -0.0106, -0.0039,  0.1195,  0.0590,  0.1039, -0.0328,
         0.0974, -0.0076, -0.0276, -0.0147,  0.0500, -0.0582,  0.0666, -0.0373,
        -0.0380, -0.0264, -0.0612,  0.0092,  0.0831,  0.1001,  0.0041, -0.0265,
         0.0482,  0.0346, -0.0504,  0.0701, -0.0819,  0.0147, -0.0112,  0.0138,
         0.0312,  0.0477,  0.0085,  0.0717,  0.1344, -0.0646,  0.0196, -0.0547,
        -0.0637,  0.0427,  0.0154, -0.1107,  0.0209, -0.0609, -0.0560, -0.0747,
         0.0271,  0.0199,  0.0800,  0.0208,  0.0551,  0.0091, -0.0059,  0.0731,
        -0.0274, -0.0960, -0.0244,  0.0428,  0.0236,  0.0873,  0.0661, -0.0368,
         0.0264, -0.0375, -0.0775,  0.0439, -0.0374,  0.0930,  0.0215,  0.0644,
         0.0408,  0.1077,  0.0011, -0.0096,  0.0255,  0.1104,  0.0256,  0.0501,
        -0.0142, -0.0318,  0.0300,  0.0340, -0.0957, -0.0417,  0.0634,  0.1370,
        -0.0247, -0.0224,  0.1490,  0.0291,  0.0861,  0.0226,  0.0290,  0.0213,
         0.1536,  0.0082, -0.1516, -0.0464,  0.0751,  0.0739,  0.0632, -0.0137,
        -0.0057,  0.0521, -0.0471, -0.0356,  0.0451,  0.1384, -0.0140,  0.0050,
        -0.1483, -0.0495,  0.0337,  0.0105, -0.0521, -0.0893, -0.0954,  0.0973,
         0.0121,  0.0500, -0.0696,  0.0478,  0.1026, -0.0676, -0.1924, -0.0819,
        -0.0015, -0.1141, -0.1777, -0.2556, -0.1555, -0.0105, -0.1447, -0.0321,
         0.0971,  0.0079, -0.0589,  0.0852, -0.0466, -0.0368,  0.0673, -0.0483,
         0.0697, -0.0366,  0.0132, -0.0298, -0.0871, -0.1817,  0.0171, -0.0051,
         0.0134,  0.0489,  0.1361, -0.0131,  0.0487,  0.0188, -0.0375, -0.0020,
        -0.1284, -0.0221, -0.0174, -0.1457,  0.0254, -0.0284,  0.0338, -0.1759,
         0.0827,  0.1227,  0.0476, -0.1518,  0.1009,  0.1383, -0.0247, -0.0837,
        -0.0249, -0.0208,  0.0567, -0.0724, -0.0239,  0.0014, -0.0088, -0.0606,
        -0.0823,  0.0659,  0.0655,  0.0644,  0.0732,  0.0670,  0.0457, -0.0827,
         0.0324, -0.0604, -0.0711,  0.0346,  0.0223, -0.0894, -0.0706, -0.1962,
         0.0828, -0.0889, -0.0022,  0.0208, -0.0948, -0.0537, -0.0121, -0.0877,
        -0.1100, -0.0228, -0.0801, -0.0040, -0.0617, -0.0342,  0.0639,  0.0493,
        -0.0675,  0.0195, -0.1203, -0.2133,  0.0404, -0.0479, -0.0675, -0.0531,
         0.0050, -0.1572, -0.1373, -0.0720, -0.0160, -0.0716, -0.1057, -0.0521,
        -0.0492, -0.1607, -0.0023, -0.0064,  0.0812,  0.0028,  0.0581,  0.0299,
        -0.0387,  0.0479,  0.0277, -0.0247, -0.0140,  0.0587,  0.0293, -0.0450,
         0.0555,  0.0042, -0.0622,  0.0385,  0.0482, -0.0016, -0.0089, -0.0955,
         0.0327,  0.0866, -0.1025,  0.0526,  0.0121,  0.0631, -0.0584,  0.0541,
        -0.0033,  0.0022, -0.0713,  0.0372,  0.0725,  0.0585, -0.0677, -0.0887,
        -0.0300, -0.0116, -0.0212,  0.0634, -0.0485, -0.0572,  0.0743, -0.0887,
        -0.0535, -0.0625, -0.1010, -0.0672,  0.0239, -0.0684, -0.0845,  0.0917,
        -0.0290,  0.0642, -0.0256,  0.0626, -0.0283,  0.0030,  0.1009, -0.0608,
         0.0594,  0.0794, -0.1019, -0.1211, -0.0095,  0.0099, -0.0629,  0.0978,
        -0.0599,  0.0247, -0.0021, -0.0195, -0.0601, -0.0764,  0.0166,  0.0502,
         0.1248,  0.0374, -0.0164,  0.0771, -0.0946,  0.0726,  0.0035,  0.0465,
        -0.0952, -0.0767,  0.0682,  0.0473,  0.0504,  0.0658, -0.0538, -0.0231,
         0.0287, -0.0094, -0.0724,  0.0363, -0.1421,  0.0180, -0.0307,  0.0528,
         0.0908, -0.0143, -0.0385,  0.0750, -0.0073, -0.0079,  0.1037,  0.0785,
        -0.0610,  0.0028,  0.0156, -0.0191,  0.0507,  0.0355, -0.0713,  0.0549,
        -0.0390, -0.0069, -0.0382, -0.0608,  0.0081, -0.1262, -0.0865,  0.0348,
        -0.0671, -0.0255, -0.0183,  0.0436,  0.0259,  0.0025, -0.0363, -0.0588],
       requires_grad=True)
rnn.norm.weight Parameter containing:
tensor([1.4758, 1.1315, 1.2116, 1.1515, 1.3928, 1.2351, 1.2923, 1.2884, 1.1773,
        1.5472, 1.3059, 1.1464, 1.1081, 1.0592, 1.3706, 1.1818, 1.2533, 1.2832,
        1.3263, 1.3537, 1.3779, 1.2856, 1.2911, 1.1809, 1.2272, 1.1723, 1.3241,
        1.2038, 1.1569, 1.2271, 1.0334, 1.1781, 1.1483, 1.2491, 1.1899, 1.2577,
        1.2551, 1.4491, 1.1354, 1.2122, 1.3103, 1.1475, 1.1368, 1.1766, 1.2860,
        1.1392, 1.2622, 1.3090, 1.2884, 1.4815, 1.4739, 1.1881, 1.2954, 1.3767,
        1.1914, 1.2208, 1.0110, 1.0719, 1.0994, 1.4431, 1.1858, 1.1074, 1.1425,
        1.1179, 1.0885, 1.1544, 1.1861, 1.2069, 1.2446, 1.1460, 1.1877, 1.1966,
        1.2083, 1.1378, 1.2114, 1.2430, 1.1757, 1.2097, 1.3298, 1.2971, 1.2007,
        1.3927, 1.2078, 1.1708, 1.4043, 1.3126, 1.4625, 1.1326, 1.0815, 1.2300,
        1.0916, 1.1794, 1.0445, 1.2881, 1.1931, 1.2470, 1.3431, 1.1763, 1.3985,
        1.1852, 1.3965, 1.2799, 1.1023, 1.0899, 1.2469, 1.2329, 1.3065, 1.1907,
        1.1544, 1.3331, 1.5164, 1.3302, 1.3329, 1.4803, 1.2776, 1.3085, 1.2506,
        1.1989, 1.3618, 1.3819, 1.1775, 1.2484, 1.1520, 1.3268, 1.2841, 1.2029,
        1.2555, 1.2571], requires_grad=True)
rnn.norm.bias Parameter containing:
tensor([ 0.0247,  0.0685, -0.0255, -0.0711, -0.0125,  0.0565,  0.0942, -0.0040,
        -0.0588, -0.0232,  0.0216,  0.0059, -0.0682, -0.0821,  0.0575,  0.0563,
        -0.0810, -0.0174, -0.1992,  0.0602, -0.0258, -0.0367,  0.0092, -0.0007,
        -0.1435, -0.0871, -0.0622,  0.0430,  0.0124,  0.0844,  0.0650, -0.0524,
         0.0728, -0.0916,  0.0236,  0.0674,  0.0283, -0.0173, -0.0309,  0.0280,
        -0.0454, -0.0315,  0.0109, -0.0046,  0.0541, -0.0830,  0.0297,  0.0230,
        -0.1224,  0.0784,  0.1080, -0.0559, -0.0942, -0.0624, -0.0697, -0.1254,
        -0.0108,  0.0127,  0.0424,  0.0060, -0.0321,  0.0086,  0.0409,  0.0204,
         0.0856,  0.0966,  0.1059, -0.1190,  0.0632,  0.0712,  0.0612,  0.0263,
        -0.0497, -0.0742, -0.0225,  0.0197, -0.0420,  0.0334, -0.0183, -0.0846,
        -0.0344,  0.0213,  0.0226,  0.0604,  0.0365,  0.0774,  0.0373, -0.0175,
        -0.0479, -0.0807,  0.0351,  0.0506,  0.0309, -0.0368, -0.0649,  0.1109,
         0.0713, -0.0296,  0.0806, -0.0250,  0.0303,  0.0897, -0.0699,  0.0833,
        -0.0487, -0.0591,  0.0268, -0.0539,  0.0613,  0.0197,  0.0351, -0.0834,
         0.0245,  0.0105,  0.0772, -0.0043, -0.0867, -0.0273, -0.0212, -0.0493,
        -0.0687,  0.0234, -0.1477,  0.0948, -0.0983,  0.1290, -0.0249,  0.0421],
       requires_grad=True)
act.action_outs.0.logits_net.weight Parameter containing:
tensor([[-0.0467,  0.1433,  0.0560,  ..., -0.0065,  0.0696, -0.0314],
        [ 0.0028, -0.0648,  0.0751,  ...,  0.0645,  0.0875,  0.0410],
        [-0.1531, -0.0224,  0.0015,  ..., -0.0819,  0.0428,  0.0040],
        ...,
        [ 0.1578, -0.0184,  0.0705,  ...,  0.0414, -0.0786, -0.0323],
        [ 0.0537, -0.0415,  0.0539,  ..., -0.0475, -0.0227, -0.1142],
        [-0.0029, -0.1211,  0.0508,  ..., -0.0579,  0.0241, -0.0987]],
       requires_grad=True)
act.action_outs.0.logits_net.bias Parameter containing:
tensor([ 0.0510, -0.1386, -0.0990,  0.0778, -0.0247,  0.0578,  0.0608,  0.0813,
         0.0268,  0.0062,  0.0331,  0.0644,  0.0684,  0.0824,  0.0045,  0.0034,
         0.0953,  0.0219,  0.0551,  0.1386,  0.1289, -0.0517,  0.0721,  0.1419,
         0.0361,  0.0658,  0.0503, -0.0838, -0.1255, -0.2195, -0.0739, -0.0151,
        -0.1493, -0.1553, -0.0600, -0.1441, -0.0368, -0.1010, -0.1732, -0.0751,
        -0.0555], requires_grad=True)
act.action_outs.1.logits_net.weight Parameter containing:
tensor([[-2.2187e-01, -8.7431e-02,  2.6492e-01,  ...,  2.0378e-01,
          2.1713e-01,  6.8071e-02],
        [-3.4108e-01,  1.1008e-02,  1.5693e-01,  ...,  8.4201e-02,
          1.3825e-01,  6.9098e-02],
        [-3.0370e-01, -1.0407e-01,  1.7909e-01,  ...,  6.4606e-02,
          1.4348e-01,  1.2270e-01],
        ...,
        [ 1.7495e-01,  7.8433e-02,  2.8087e-02,  ...,  7.6266e-02,
         -9.5817e-02, -9.9029e-02],
        [ 1.7210e-01,  5.2371e-02, -1.5810e-01,  ..., -3.7870e-02,
         -1.5036e-02, -1.3877e-01],
        [ 9.6693e-02,  7.5878e-02, -1.2012e-01,  ..., -1.9156e-04,
         -1.9389e-02, -5.6242e-02]], requires_grad=True)
act.action_outs.1.logits_net.bias Parameter containing:
tensor([-0.0238, -0.0369, -0.0189, -0.0145,  0.0205, -0.1254, -0.0710,  0.0357,
         0.0123, -0.0926,  0.0045, -0.0283,  0.0397, -0.0596,  0.0738, -0.0458,
         0.0628, -0.0257,  0.0123,  0.0797,  0.0214,  0.0786, -0.0487, -0.0394,
         0.0007, -0.0179, -0.0808, -0.0102,  0.0257,  0.0792,  0.0181,  0.0148,
         0.0872,  0.0847, -0.0280,  0.0200,  0.0490, -0.0319,  0.0653,  0.1446,
         0.0034], requires_grad=True)
act.action_outs.2.logits_net.weight Parameter containing:
tensor([[ 0.0240, -0.0376, -0.1559,  ..., -0.0487,  0.0657, -0.0915],
        [-0.0672,  0.1082,  0.1542,  ...,  0.0492, -0.1740, -0.0566],
        [-0.0593, -0.0648,  0.0724,  ..., -0.0689, -0.0342, -0.0630],
        ...,
        [ 0.0353, -0.0100, -0.0958,  ...,  0.0801, -0.0839,  0.0162],
        [-0.0692, -0.0721,  0.0635,  ...,  0.1499, -0.0124, -0.0109],
        [ 0.0125, -0.1838, -0.1837,  ...,  0.0966, -0.0134,  0.0351]],
       requires_grad=True)
act.action_outs.2.logits_net.bias Parameter containing:
tensor([-0.0451,  0.0299,  0.0342,  0.0845, -0.0686,  0.1465,  0.0253,  0.0018,
        -0.0335,  0.0165,  0.0359,  0.0529,  0.0375, -0.0085,  0.0443, -0.0338,
        -0.1292,  0.1254, -0.0329, -0.0449, -0.0009,  0.1210, -0.0373,  0.0321,
         0.0040,  0.1026,  0.0015,  0.0032, -0.0469, -0.0516, -0.0346, -0.1023,
        -0.1611, -0.0286,  0.0118,  0.0481, -0.0962,  0.0055,  0.0352, -0.0558,
        -0.0628], requires_grad=True)
act.action_outs.3.logits_net.weight Parameter containing:
tensor([[-0.0265,  0.0318,  0.0653,  ...,  0.2471,  0.1459,  0.0560],
        [-0.0512, -0.0110, -0.0204,  ...,  0.1505, -0.0047, -0.0251],
        [ 0.0609, -0.0059, -0.1676,  ..., -0.0956, -0.2190,  0.0655],
        ...,
        [ 0.1052, -0.0135,  0.0991,  ..., -0.1368,  0.2016, -0.0017],
        [-0.0102, -0.0597, -0.0454,  ..., -0.1003,  0.1640,  0.0291],
        [ 0.1465, -0.0289, -0.0898,  ..., -0.0810,  0.0551,  0.0494]],
       requires_grad=True)
act.action_outs.3.logits_net.bias Parameter containing:
tensor([ 0.0343,  0.1581, -0.0412,  0.0810,  0.0015,  0.0240,  0.0632,  0.0607,
        -0.0115, -0.0686, -0.0029, -0.0385, -0.0610, -0.0666, -0.0912, -0.0591,
        -0.0020, -0.0932,  0.0139, -0.0750, -0.0250, -0.0851, -0.0142, -0.0849,
        -0.0162, -0.0028,  0.0645,  0.0440, -0.0181,  0.0683],
       requires_grad=True)