235.10893819531108
234.742419359404
234.2059144894156
233.43545243286144
232.66423411768972
231.74381236446172
230.36878140888396
229.47814187677696
228.72686138151423
228.01762752705673
227.2914752615486
226.54579938126346
225.89101444445794
225.20011170507732
224.56766491446902
223.94804700201584
223.27223799847243
222.5586161302509
221.89888536863833
221.03605827230726
219.3863733856502
217.8076267623264
216.9529770414567
216.34340087101478
215.8258484559484
215.32111075621106
214.82377757539768
214.2636152975131
213.8026967656551
213.3501832586294
212.9072995585675
212.62255208147724
212.2714365993101
211.98456303965477
211.51811048995464
210.99151583930987
209.95486433505857
208.7404022929317
208.10256772598714
207.5597543646442
207.00014957166312
206.33893650860693
205.43706162642647
204.88334686182017
204.4559132926727
204.09977371149796
203.78109429595173
203.3906980596461
203.0306267151851
202.75711932138637
202.51932225363265
202.2018299403642
201.97689512250412
201.84844623133566
201.8593327407104
201.95111882094278
201.7353590169908
201.80333188193978
201.3878540441577
201.3651640819261
201.98004107589546
202.02650629882845
202.122724122205
202.28047871293575
202.1720218315254
202.3077658212293
202.41278816666426
202.4375418152492
202.4621691825327
202.3323189733644
202.3217781286371
202.3993449530946
202.2926689006669
202.38645197504462
202.39528197662497
202.34666292643254
202.28697819735422
201.9327172817021
202.030834890151
202.30811564962636
202.5118414798831
202.48734670696936
202.46988270946497
202.4054669181425
202.41605620803568
202.44374034758357
202.34486602260378
202.4398457330833
202.40229188780572
202.33147189407504
202.201880507373
201.6801074010213
201.8417025611921
202.32651047164174
202.47704386986766
202.42120661034647
202.28172301694607
202.32666488153237
202.38255825851442
202.45159472392305
202.35473943621437
202.35553291770682
202.45558412650075
202.4790874209391
202.49485084359895
202.5013193065622
202.50029180713705
202.32061210503605
202.2825051962395
201.94798260841526
201.4920820012336
202.10618769341045
202.41949122477288
202.52503004377232
202.38839568099743
202.17164760965912
202.20260973384694
202.2284206229911
202.43440105643077
202.35401738783418
202.2861582117544
202.40523948104774
202.47822787538973
202.47854885797906
202.49426072286258
202.44772090796144
202.44624569093585
202.4285594888915
202.3264342141153
202.43095949155025
202.4108131141946
202.32691180708682
202.1669077002166
201.631204442808
201.84766386599858
202.32730291686812
202.47574219245934
202.40734848608977
202.2596252239116
202.30938457200563
202.3772296568418
202.44715904857472
202.34868158931405
202.36240722419498
202.43440836333778
202.4453941777894
202.45524751253106
202.38953366399906
202.49557982386779
202.3301364713108
202.19475356133606
201.90372690802303
201.1681948494995
201.35776923402224
202.07362920670846
202.36634212773052
202.54307230256302
202.46464651017916
202.35968380781722
202.3300088487353
202.4423730185984
202.41024352808375
202.4557222487742
202.53552546009013
202.5722458977498
202.52286663471978
202.32678244624498
202.29634964376808
201.98807948394108
201.25242627622148
201.84542798690543
202.29874040468482
202.33423829593974
202.2444057592824
201.925441887977
201.7818771481175
202.2859255221927
202.48712378117335
202.4821032706334
202.44593961102953
202.37162829155818
202.43826713279665
202.4586310274843
202.50511487609842
202.39016128854294
202.35612053146167
202.4773795531235
202.318974101884
202.36859839737315
202.4810571159148
202.31251384904232
202.14615971001788
201.543491478075
201.05920971430743
201.65067515814638
202.18768631003
202.41465746275694
202.42141975705746
202.4199456359492
202.42683841972507
202.45137595173836
202.38564538945818
202.42200932071054
202.48855317015946
202.53952850035148
202.43800151191803
202.2422156906152
202.26892297674593
201.97163337766486
201.35220187208154
201.97049214521718
202.43650627401345
202.5769010225258
202.44753280430675
201.9547612182565
201.60691138093762
202.12988992511893
202.301895279999
202.45326604490106
202.49770318228806
202.35174165583024
202.34629120897057
202.3840491446184
202.36973602189445
202.49897450557268
202.32302666096848
202.21874806752228
201.94560524915573
201.3584128416955
201.85828714775695
202.31347221473737
202.53235293967697
202.48585215980913
202.43158133331502
202.40367155395344
202.46152992872175
202.49074185262248
202.37738622272602
202.38310553185218
202.54689618751442
202.47961572144112
202.53887640595218
202.4816164067702
202.38897302754495
202.22629241620936
201.6945452989346
201.8844099074077
202.29622592400256
202.28370307828828
202.15411980708777
201.68956132970334
201.0981982268609
201.43625740645498
202.13235776500855
202.44385139040912
202.57548220210228
202.42271651874614
202.15430919196908
202.02973597668864
201.93944613530257
202.14080643747596
202.49413766677836
202.76881343500813
202.7660805163224
202.66597834566602
202.44786041726294
202.35451901661074
202.0946943977841
201.8057271868735
201.41899438926274
201.29623228495137
201.93566567366398
202.16428784054477
202.3234410892449
202.34160973741567
202.26684655944345
202.36400769122156
202.43699426848826
202.42573762090032
202.46256281740685
202.3284361838986
202.35865003015573
202.39667177205425
202.29675863603015
202.42759483168294
202.3784613334072
202.29556526090144
202.13533156832293
201.564789074509
201.75894706435415
202.3072985787942
202.57727520384265
202.5655147146811
202.44936270581846
202.34811044293406
202.35248773206519
202.45876959249594
202.36198123900695
202.3798649664581
202.3969371714935
202.00481104297063
201.7450742298576
201.5476310380804
201.12891947442898
200.70405353458864
199.81140384799897
198.2586579963391
196.91783973956007
196.17747537680623
195.72802659460993
195.40983377606585
195.11430838231118
194.85347074298173
194.5682512796068
194.23208775143036
194.0343222947881
193.83954047586792
193.6821288947782
193.41850168175304
193.20870608356205
193.0843991459914
192.7362678716653
192.56072387795675
192.42057357195463
192.0931019113302
191.7632759103911
191.05766331299517
189.82618480765754
188.85675232492105
188.31167397374332
187.84087062640435
187.43829647059715
187.03222167156952
186.75937863496435
186.48156884424827
186.24572572375482
186.00301390498785
185.82723642003398
185.5208833689966
185.28119397225842
184.93402134818834
184.33651392139151
184.0099706650099
183.72260005463315
183.44915088527065
183.19280164502877
182.90565615815945
182.71577979022177
182.4115677841636
182.1057867256412
181.688540290197
180.96306942278906
180.4473997155807
180.1260419379081
179.86825846623162
179.62197475476336
179.44722377984834
179.19500366881104
178.9573407017634
178.69546456978267
178.23081175697803
177.95900959579907
177.71550937455373
177.46726503280013
177.25050493556085
176.98888560872993
176.83763576036162
176.56586989617728
176.2711332690398
175.8920997533752
175.172720950342
174.52568531683139
174.14707327550232
173.85712749271252
173.5422966456632
173.32980826594107
173.00660199555227
172.82822266038315
172.51249302110278
172.3331067073627
172.09120582728207
171.93928017365906
171.7418353055144
171.59809941889253
171.378370106711
171.17260302219995
170.8986792325471
170.56044177235339
170.36562325877824
170.09624444729485
169.78206388524168
169.43828636462987
168.83286352071184
168.34594151292788
168.03146921954072
167.71551885179707
167.4529109371065
167.1328081287021
166.91752635340177
166.63213077948728
166.3267778162545
166.0226936007997
165.51025858356223
165.1301963276483
164.87205349696154
164.60842664268506
164.38852233446957
164.1568564795069
163.980095021835
163.72893863202484
163.5414418257274
163.27999051622027
163.03143928738479
162.8572442114588
162.56761456435666
162.33425869028758
161.99050700947132
161.50884987357426
161.21581115347857
160.93555834316604
160.6430404249642
160.33879538477635
159.93126990595158
159.67765543732443
159.40119178633685
159.12437798011328
158.84377889931739
158.46173737810716
158.227571663758
157.95951203683677
157.70454092330394
157.45071993529393
157.11660200317428
156.91800674047062
156.6663599575911
156.40259619265947
156.1538469880737
155.75697574685194
155.48422012195044
155.24966466944065
155.01612581535852
154.80148228745196
154.58055920259824
154.42031298499955
154.18697713897578
154.01126558855586
153.77028164706914
153.53456538663465
153.36984653221668
153.16473637092693
152.998637784507
152.75241227287805
152.60719112589922
152.44233969211126
152.27782525791707
152.15220561998368
151.95377305117742
151.93933317813057
151.92594094452926
151.93536020261408
151.94008350809324
151.85494788108662
152.0795258327832
152.2676558216948
152.4392911654262
152.50050177985145
152.3616178227427
152.34981928373085
152.45583242581316
152.47331380831574
152.4858801515046
152.3811569586053
152.41318477501397
152.49482270673005
152.4640178970779
152.48177112659008
152.3608957655872
152.3500961316654
152.48408186853902
152.4313339890819
152.42426692341724
152.3159780804987
152.18933351792862
152.32071276777683
152.4230822256603
152.41504155737792
152.38761644888712
152.26194281390627
152.30913554980728
152.4305689531854
152.46024188615758
152.45482683507143
152.44666670178486
152.48966986744475
152.48041814576672
152.50036586256354
152.50580035622934
152.5066718965868
152.51195243352763
152.5094705477864
152.5240406614934
152.5016243361908
152.5002796738931
152.49964511779632
152.49017508990468
152.49119480217746
152.4668124932425
152.49166890230495
152.49015940017622
152.47875545780477
152.48112474710746
152.46723272519012
152.46660398144738
152.47460656925017
152.46586628674487
152.4757393875792
152.48737053923716
152.4819622757299
152.49541776633782
152.48814996044396
152.50189186600122
152.4945370644775
152.5067499574851
152.4984911975877
152.5096436801905
152.50061566781446
152.51100342831458
152.50142492166103
152.5112776856017
152.5013154316854
152.5108236698309
152.50064287727346
152.5099762414772
152.49971592078623
152.50900648915655
152.49876669436057
152.5081031817168
152.49794375018914
152.50737465081204
152.49732104421946
152.5068626852257
152.49691498290548
152.50656124983965
152.49670374528557
152.50643556143476
152.49664502454144
152.50643808999715
152.49668993970812
152.50652022547686
152.49679279580215
152.50664001226642
152.4969166470722
152.5067659672662
152.49703561535767
152.50687766928138
152.49713455637308
152.50696490970736
152.4972073477959
152.50702529186216
152.4972544710691
152.50706171067245
152.49728043985593
152.50707986479193
152.49729158491624
152.50708645853746
152.49729442882358
152.50708769906726
152.49729458980997
152.5070884638842
152.49729618496156
152.5070921704625
152.49730187409847
152.50710074404208
152.4973128567982
152.50711476063478
152.4973292858939
152.50713394695197
152.49735056068445
152.50715752164234
152.49737575469112
152.50718446745174
152.49740380693385
152.5072136675596
152.49743369935192
152.50724429585398
152.49746469064397
152.50727562883176
152.49749614617122
152.50730720409354
152.49752776943734
152.50733880002173
152.49755934576666
152.5073703176916
152.4975909024883
152.507401822902
152.49762243437428
152.5074333109404
152.4976540474533
152.5074648921574
152.49768582927717
152.50749670702126
152.49771786377968
152.50752875039805
152.49775019687777
152.50756110256245
152.49778283617275
152.5075937624594
152.49781577417232
152.50762675232602
152.49784903856454
152.5076599610945
152.4978825289366
152.50769342737738
152.49791624109614
152.50772707441044
152.49795013242863
152.50776088026365
152.4979841764894
152.5077948375575
152.498018346161
152.5078288589543
152.4980526002987
152.50786297849098
152.49808691739292
152.50789715503453
152.49812129083983
152.5079313412404
152.49815570997546
152.50796560755535
152.49819017663998
152.50799994106617
152.49822469413064
152.50803426129895
152.4982592377538
152.50806863166727
152.49829378316394
152.50810301020164
152.49832835239758
152.50813738632647
152.49836295107286
152.50817180600487
152.49839755857752
152.508206234503
152.49843215831888
152.50824065535016
152.4984667719181
152.50827505149107
152.49850135416966
152.50830945366354
152.49853593707994
152.508343847797
152.4985705242591
152.50837824148653
152.49860507826807
152.5084126281993
152.49863961421724
152.50844694323254
152.498674128457
152.50848131370716
152.49870864090312
152.5085156178311
152.4987431313373
152.50854989251798
152.49877757097778
152.50858413644002
152.49881198126
152.5086183743698
152.4988463667655
152.50865256822905
152.4988807306857
152.50868676595218
152.49891505301915
152.50872089496173
152.49894934605328
152.50875502105941
152.49898361282956
152.5087890973138
152.49901782604576
152.5088231389051
152.49905202227407
152.5088571444303
152.49908617772502
152.5088911292139
152.49912028762108
152.50892504113853
152.49915436265465
152.50895894419725
152.4991884032501
152.50899282574053
152.49922241755738
152.5090266579104
152.49925637349952
152.50906044652615
152.49929030245133
152.50909422909024
152.49932420029654
152.50912795342956
152.49935805268666
152.5091616108622
152.49939185223218
152.50919527563897
152.4994256115966
152.50922886832035
152.49945933462797
152.50926244735794
152.49949303809174
152.50929598247794
152.49952668963206
152.50932948158047
152.49956029934486
152.50936295454298
152.49959387634877
152.50939636902964
152.4996274085235
152.5094297592982
152.49966088921326
152.50946311011293
152.49969434616258
152.50949641566572
152.4997277716607
152.50952970959221
152.49976113528294
152.5095629089516
152.49979446397947
152.50959614203504
152.49982777906337
152.50962928842128
152.49986101663347
152.5096624164392
152.49989423395064
152.5096955008643
152.49992741982655
152.5097285308813
152.499960544597
152.50976155878746
152.49999366508226
152.50979455738954
152.50002672547197
152.5098274677172
152.50005973384455
152.5098603900573
152.50009272870966
152.50989323001346
152.50012565301427
152.50992606056812
152.50015856571855
152.50995885615285
152.50019143785946
152.50999162819727
152.50022426139205
152.51002432580185
152.50025706773872
152.51005703152154
152.50028981005335
152.51008968012405
152.50032253518953
152.51012229543275
152.50035522171916
152.51015484919887
152.50038783943802
152.51018739084523
152.50042044283697
152.51021989631275
152.50045302539166
152.5102523597869
152.50048553671468
152.51028480751603
152.50051803285245
152.51031721799097
152.50055050548545
152.51034958410173
152.5005829066004
152.51038189464015
152.50061529314476
152.51041417460794
152.50064762226953
152.51044645263437
152.5006799482584
152.5104786648184
152.500712222296
152.51051088716542
152.50074446055137
152.51054304323037
152.500776670381
152.51057515658022
152.50080883426045
152.51060724358854
152.50084094698354
152.51063929428065
152.50087304003333
152.51067130553352
152.50090511187258
152.5107033198558
152.50093714021762
152.5107352606017
152.50096911336828
152.51076717084493
152.50100107618283
152.51079909226624
152.50103300296357
152.51083095000672
152.5010648832848
152.5108627426231
152.50109671502224
152.5108945495579
152.50112854108573
152.51092628773975
152.5011603159631
152.51095803810594
152.5011920791364
152.5109897114011
152.50122378238947
152.5110213896348
152.5012554692385
152.51105302666548
152.50128711018215
152.5110845971481
152.50131870467044
152.5111161463142
152.50135027679286
152.51114769251097
152.50138184392557
152.5111792134689
152.50141336161332
152.51121066193124
152.50144482569905
152.5112421215344
152.50147627976708
152.51127350640022
152.50150767467903
152.51130489615608
152.5015390777799
152.51133623607072
152.50157040418927
152.5113675559731
152.5016017335254
152.5113988627998
152.50163302638103
152.5114301110002
152.50166428039404
152.5114613051854
152.50169547922025
152.51149250531049
152.5017266855461
152.51152369411247
152.50175783385794
152.51155479852
152.5017889608932
152.51158591292318
152.50182005523305
152.51161697027794
152.50185111081765
152.5116480121479
152.50188213009335
152.51167903764244
152.50191313585822
152.51171003170646
152.50194410798218
152.51174097297536
152.50197504701157
152.51177190676907
152.50200595885073
152.5118027923789
152.50203682041035
152.51183364840048
152.50206767447398
152.51186452347096
152.50209848423768
152.51189532603988
152.50212926431774
152.51192608841245
152.50216002687196
152.51195686010607
152.5021907553756
152.51198757170874
152.50222144416261
152.51201827050602
152.5022521013152
152.51204891691594
152.5022827488312
152.5120795827945
152.50231335243697
152.51211017811852
152.50234392717414
152.51214077279812
152.50237448198212
152.51217132863692
152.5024049995039
152.51220186991287
152.50243548196676
152.51223235637187
152.50246595525115
152.51226282394825
152.5024963647152
152.51229328360287
152.50252679224715
152.51232370831036
152.50255716248355
152.51235409671384
152.50258749839188
152.5123844329222
