6095.581284102872
6094.826634031239
6093.322882819122
6090.872590118668
6087.38380175432
6083.006378223566
6077.984361868251
6072.576369910482
6067.229383238376
6062.207716408647
6057.555568478975
6053.480700287131
6050.4432474880905
6048.740148274076
6047.6787293205325
6046.89262659933
6046.37252626673
6046.875328068549
6048.516885399476
6051.011622105414
6053.550764050806
6055.766534738097
6057.137298740343
6057.4945017213195
6056.442462609485
6054.185527882067
6050.815659128094
6046.755869431981
6042.506152820439
6039.069455812285
6036.611910637316
6034.847958222288
6033.035598873702
6031.306773115227
6030.078245478952
6029.948201775823
6030.500537272909
6031.285962214807
6031.936646073827
6032.851419992683
6033.936073462111
6034.956052645174
6035.4258225742315
6035.351728593484
6034.389300193325
6032.667375143498
6030.287352604231
6027.463400215862
6023.860551308191
6019.783205806849
6015.820665298302
6012.985276152304
6011.292942580676
6010.325502660925
6009.2784536685085
6008.29611471836
6007.857429736707
6008.660442954827
6010.359594134707
6012.446891554669
6014.363331450731
6016.226102439952
6017.701677556908
6018.619840325734
6018.798815289974
6018.621468543256
6017.911650860694
6016.543869075582
6014.407375486306
6012.147355549086
6009.985098738582
6007.84640099946
6005.162702989573
6002.169517495546
5999.478377012068
5998.122497133789
5998.1367381545215
5999.113571124888
6000.202044866673
6001.47338725082
6003.323838719255
6006.338936840603
6010.100216959441
6014.118323486048
6017.702156043327
6020.6090760248335
6022.370782857907
6022.882890388271
6022.0421918988795
6020.238574982009
6017.509604088271
6014.583114276803
6012.182538368181
6010.943356774199
6010.39131570409
6010.044916317398
6009.536311884436
6009.295938688633
6009.275744189769
6009.263978318873
6008.826265601412
6008.479043719956
6008.905036483732
6010.74945745748
6013.549982362774
6016.749265961078
6019.79845811896
6022.785600128541
6025.333727374408
6027.242655142701
6028.05902356512
6027.80185438326
6026.330332885382
6024.045548549733
6021.287199833224
6018.395306337316
6015.056163550115
6011.544644015113
6008.430029593492
6006.681922518513
6006.283384977293
6006.801383908591
6007.405731717369
6008.233456608439
6009.769965591226
6012.703055685684
6016.677798927542
6021.153338560152
6025.361476050845
6029.010731254515
6031.624157059372
6033.044975689388
6032.926537598268
6031.491720452929
6028.836308099556
6025.472341029319
6021.755353787381
6018.13615956223
6014.529535336536
6011.4982140434595
6009.616594931451
6009.364547380105
6010.155102101773
6011.417121997861
6012.745206072083
6014.56485840075
6016.832197760841
6019.287130982459
6021.314656705616
6022.730062536934
6023.226269410631
6023.191527903852
6023.237155516005
6024.325589768467
6026.767284459714
6030.969479110479
6036.931786949543
6044.854686636302
6054.611557408905
6066.3334284220045
6079.857413470871
6095.254991167411
6112.190842804188
6130.433240314275
6149.4569846369595
6168.942643103448
6188.333824960229
6207.348410535085
6225.524206419146
6242.650450840447
6258.3540008571
6272.593003921768
6285.142765113813
6296.166184980065
6305.732504102478
6314.260236003632
6321.9756383142385
6329.213475886328
6335.967216075629
6342.818025221854
6350.115458750886
6357.9156071707075
6365.581448510957
6372.957252012232
6380.107492233127
6387.379663893414
6394.394428927213
6400.940328490511
6406.992230349863
6413.328319692171
6420.356165879274
6428.087356980193
6435.834158205459
6443.283968046347
6450.038797249845
6455.967819034714
6460.653337793791
6464.135507455579
6466.335520885653
6467.668096081773
6468.340947061802
6468.619821507186
6468.609132233003
6468.894805943147
6469.477079400963
6470.278077050114
6471.1431013348465
6472.499460580668
6474.22868286177
6476.077349579269
6477.656271926362
6479.455125090811
6482.012985020677
6485.732184147272
6490.072594199869
6494.590981186465
6498.863791982478
6502.799377955568
6505.974842050302
6508.303390814684
6509.54840861561
6509.87901156461
6509.37379005788
6508.340339673328
6506.744974912575
6505.197015086675
6504.364964910016
6504.886807789323
6506.382716838402
6508.365391731343
6510.341524694154
6512.480594207231
6514.527871556801
6516.293608813602
6517.515639936215
6518.479016962383
6518.993024265505
6518.9215213840935
6518.1169809472385
6517.051521762925
6515.8046252181175
6514.510620213819
6513.315426654107
6513.009743412915
6513.854204500813
6515.696164437461
6517.744781973669
6519.80993737556
6521.8345025871995
6523.887332982857
6525.499047517804
6526.680477558751
6527.453220312364
6527.932409733689
6527.710202968544
6526.903413025555
6525.669776915441
6524.314943332762
6522.619363321621
6520.912406633896
6519.597006088946
6519.12609933452
6519.042726198596
6518.972773296387
6518.69614514603
6518.760274775416
6519.306037148783
6520.181221927974
6520.783608578297
6521.219997786883
6521.804485914659
6523.010282001033
6524.448273294014
6525.818992793844
6526.955962652287
6528.445311450452
6530.457599692986
6532.856673441526
6535.027877675549
6536.839396336895
6537.944010252205
6538.301628294603
6537.746590999085
6536.406333955586
6534.2110400298625
6531.78036238508
6529.589455156759
6527.923112979886
6526.306661925593
6524.713887150282
6523.481226530224
6523.616712794951
6525.514916103164
6529.124249158109
6533.658813533208
6538.612763786343
6543.338019972727
6547.55156451324
6550.788263939551
6552.907951029468
6553.878758621568
6554.606386195413
6555.809156228757
6558.209264729727
6562.008471437547
6567.550705191127
6574.800120123634
6583.927305372826
6594.805372760395
6607.547890767583
6621.978217276266
6638.051399768213
6655.3266828280985
6673.525314768309
6692.093633083365
6710.7237457597375
6728.909398351613
6746.427842821697
6762.836993687323
6777.994186534748
6791.604386808506
6803.689129410974
6814.190648976141
6823.379086085924
6831.403756507025
6838.905766878265
6845.918824781755
6852.406376227096
6858.249325214562
6864.134378538368
6870.7363743494425
6878.549252470091
6887.147225316829
6896.056762421832
6904.809462583817
6913.57449259935
6922.148455760631
6930.3424145302
6937.691743840063
6944.027737386302
6949.081247388411
6952.952840696866
6955.698311982421
6957.896114796156
6959.535455259991
6960.552724538515
6960.8026189577495
6960.953471022392
6961.694059482989
6963.595514998895
6966.272549912811
6969.289229611177
6972.223263040361
6975.287978074328
6978.306614300707
6981.12770533121
6983.484380034837
6985.606010282627
6987.284497699499
6988.417909567452
6988.926296169869
6989.355329128934
6989.864877020386
6990.381118821019
6990.410031969211
6990.119177200404
6989.943557254851
6990.655896063504
6992.192274498073
6994.230734272895
6996.190481224171
6998.337843487108
7001.245065443051
7005.723113004202
7011.723323960978
7018.939010309753
7026.644220524678
7034.456651064089
7041.814406607217
7048.488448334098
7054.043494292781
7058.344286526051
7061.080022072062
7062.254638080347
7061.675148637963
7059.6491636183655
7056.466226889727
7052.700215522388
7048.700873711596
7044.957392026028
7041.461621445698
7038.604018163484
7036.6719633593475
7035.880099593535
7035.671668057243
7035.74728433674
7036.103077807323
7037.519806905663
7040.434548906997
7044.951382059476
7050.438226099188
7056.41805360606
7062.261791174117
7067.679850386215
7072.215048703588
7075.6939928729835
7077.746678284077
7078.334321743647
7077.233968459216
7074.693692904103
7070.895448142473
7066.447743994001
7061.71711746068
7057.01465610272
7052.050767378956
7047.000764563072
7042.300834457312
7038.8628294189875
7036.907538059664
7036.269352607676
7036.176700015676
7036.379694554168
7036.7463333520445
7037.31553459383
7037.640915201939
7037.713843079263
7037.509001896585
7037.088186221874
7036.034694852662
7034.453969710905
7032.668169456116
7031.400142649022
7030.620039243678
7030.05475119077
7029.190826079271
7028.338558926013
7028.100872334937
7029.335825642995
7032.035327664149
7035.891535803867
7040.146379953766
7044.40770187642
7048.12776864287
7051.10862369858
7052.92111736514
7053.469006494821
7052.59414780401
7050.570841375003
7047.627578639978
7044.342861038402
7040.690082929081
7036.571010488195
7031.562832347304
7025.520525902894
7018.077554325566
7009.201695003436
6998.663126944533
6986.53244602713
6972.639742063442
6957.104284498278
6939.792931905842
6920.880292203391
6900.529233981129
6879.568311501289
6858.412223624441
6837.558084946177
6817.397187858108
6798.514758549339
6780.791454061425
6764.341040134871
6749.201207519585
6735.481850619427
6722.7376849157545
6711.070209225458
6700.586265915308
6691.421779202495
6682.953691036526
6674.926190884898
6667.417551000301
6661.222193377206
6656.626732653291
6653.529293807111
6651.118207753542
6648.916465295649
6646.321744248194
6643.115619873539
6638.88162728405
6633.641850880722
6627.310630850799
6620.312034075201
6612.869558108291
6605.239977871156
6597.34204880434
6589.82256308376
6583.332423502654
6578.443788277344
6574.714024564631
6571.594453526724
6568.583400294971
6566.072564397973
6564.270079103753
6563.145856406236
6562.041706673849
6560.860696810743
6559.579420408139
6558.285318410987
6556.501318677655
6554.226846472603
6551.468722560686
6548.383175713241
6544.598601919475
6540.29543528308
6535.941920971531
6532.532201001549
6530.263979849125
6528.87024171322
6527.537291348094
6526.163139373595
6524.86482363587
6523.955600439933
6522.984157690609
6521.730964475727
6520.215019797993
6519.298744093761
6519.488526920512
6520.8703801089405
6522.709634523958
6524.61753868331
6526.152408095027
6527.171914118153
6527.381989767391
6526.804953912298
6525.2282253891
6523.204018601713
6521.260042925012
6519.844506900877
6518.491880742735
6516.93284769761
6515.103703367928
6513.760476997134
6513.286005633572
6513.675515751842
6514.199398508227
6514.638740675194
6514.943472941092
6515.30093246187
6515.278573145789
6514.831345400012
6514.096985904908
6513.6467801012195
6513.292088754953
6512.765064670506
6511.738220749301
6510.768820795209
6510.367457328415
6510.84809356936
6511.615845986679
6512.310540504179
6512.850080908808
6514.024185203461
6516.27501828433
6519.644497618032
6523.38893529312
6527.055625163431
6530.070875790686
6532.249590414074
6533.159394294271
6532.777269074527
6531.0650856278035
6528.40805339579
6524.97680175384
6521.432990201443
6517.988058311445
6514.773917083061
6511.7440427186075
6509.356880964402
6507.462166422844
6505.821653864855
6504.146958867297
6503.072949437258
6503.198775499482
6504.934784306521
6507.711824338755
6510.981580086735
6514.20392321274
6517.249813809792
6519.647138151125
6521.23540210189
6521.670883380792
6521.054252067152
6519.422509994897
6517.123896068708
6514.259737753057
6511.359466581059
6508.454755338961
6505.629473173929
6502.968060889274
6501.203093896822
6500.508502324301
6500.672576692335
6500.913854259262
6500.861714115394
6500.004783035562
6498.182597658384
6494.982137545548
6490.352721772117
6484.025562564683
6476.066714489642
6466.283312266222
6454.800549705085
6441.466060252592
6426.43214376837
6409.566556831179
6391.062035289735
6371.089584090355
6350.471191275197
6329.556993317753
6308.959353611076
6289.211047666803
6270.903692572099
6253.870540807236
6238.310227734786
6224.152091096995
6211.237195011235
6199.038778868303
6187.863636383942
6178.054132000816
6169.914038088155
6162.773597333837
6156.153071984044
6149.874607842109
6144.642231410649
6140.721510733188
6137.964029197803
6135.510539158899
6132.927576079479
6129.646207685262
6125.5202610023625
6120.23496368799
6113.978105624136
6106.83087205225
6099.216939953811
6091.412063334221
6084.088897159857
6077.119011399758
6070.178512491677
6062.809858852628
6055.5779912013895
6049.277671635899
6044.776913109756
6041.797090936357
6039.7671028589575
6037.902818339074
6036.520129493532
6036.296834695235
6038.111529149518
6041.77796359165
6046.803702997104
6052.3115568190815
6057.880014279726
6062.890768547666
6067.121637405449
6070.107795402146
6071.744984921917
6071.7131000630825
6070.051890703359
6066.56522519272
6061.669045886421
6055.791240650815
6049.45320709692
6042.978262307364
6037.232739613295
6032.38183456817
6028.16475812569
6023.8275744727225
6019.493765823823
6015.7483264906705
6013.697485147387
6013.524832324049
6014.941511301676
6017.020171703411
6019.3944653534
6021.528064328072
6023.172809491307
6023.845490515549
6023.412385954991
6021.711775995604
6019.062479609308
6015.444531380278
6011.575334864116
6008.199788179556
6006.001537401929
6004.512964543185
6003.18133705448
6001.52822396088
6000.221565446825
6000.096515501154
6001.909031125403
6005.270758116165
6009.598419502205
6014.052598623365
6018.260366787037
6021.66922415978
6024.103889268977
6025.129943046051
6024.719042924809
6022.765373235897
6019.654342412988
6015.710447080404
6011.66676650616
6007.54162214529
6003.244915807924
5998.625505179832
5994.507274495796
5991.649362252609
5990.552104376758
5990.588818679407
5991.131225834245
5991.714534183016
5992.7118670614755
5994.0202610823335
5995.376304817799
5996.267714496902
5996.716254181132
5996.389628631753
5995.403497982177
5993.909024027869
5992.294782974491
5990.356658967546
5988.432042290426
5986.874748193708
5986.026253298387
5985.287386800725
5984.33517924631
5983.171358945347
5982.755471285605
5983.65459459385
5985.950608315382
5988.823308359609
5991.839017775175
5994.534399043813
5996.730759027967
5997.975284777033
5998.265022697905
5997.390220083341
5995.662328873336
5993.330021288154
5990.619221789342
5987.089144180164
5982.819868684575
5977.925054749606
5972.622824477613
5966.470298776353
5959.296370137182
5950.688300468517
5940.63012549339
5928.8521964455695
5915.452755931727
5900.247626177922
5883.387951309461
5864.750273745775
5844.850805004556
5824.349037486917
5804.025976956144
5784.107830678108
5765.290869101778
5747.756832814506
5731.677087423734
5717.029481325763
5703.981372250173
5691.877876527295
5680.482786442218
5669.912068112129
5660.982247635145
5653.730769040901
5647.741229642728
5642.084828686729
5636.7828787562285
5632.022588355187
5628.018909016183
5624.083223294458
5619.886012929073
5614.952696187795
5609.29875659591
5602.774515642009
5595.619938775161
5587.979689418408
5580.514777577591
5573.129434433315
5565.582318112529
5557.546525609589
5549.786007593492
5543.155525599897
5538.358951072983
5534.814379098479
5531.804992438102
5528.726344397396
5526.203192661936
5524.900290334394
5525.254119903231
5526.5446037857
5528.1251471775595
5529.252678391787
5529.686494847936
5528.951935286692
5527.042200213933
5523.889690101699
5519.899994745157
5515.338833253962
5510.947840802166
5506.6846513574665
5502.350437202114
5497.673388311219
5493.480563069478
5490.582859430167
5489.519851643962
5489.595196196768
5490.141935305801
5490.729703484094
5491.868784338549
5493.550181380919
5495.490918734435
5497.008029419077
5497.897184014625
5497.7931355872815
5496.731549766425
5494.7077805091085
5492.18094073568
5489.043139826221
5485.6849178881375
5482.442382456994
5479.634983616263
5476.820190215305
5474.1943537808065
5472.120758380365
5471.057291433415
5470.403339205578
5469.7653654162705
5469.073562101293
5469.261457989487
5470.764606306446
5473.483186665488
5476.492905181289
5479.544820846623
5482.541562950411
5485.504521140224
5487.849207963887
5489.37430929224
5489.6368934483535
5488.817173882601
5486.913003611434
5484.1756032778685
5481.023604714624
5478.604041942591
5477.322101824594
5476.970111129934
5476.577377658496
5475.94974432064
5475.432643794716
5476.055335485166
5477.9091384909425
5480.553266951403
5483.053339356593
5485.396534463078
5487.709275372631
5490.112226429245
5492.000237153525
5493.259846431854
5493.581219902423
5492.935152922976
5491.3000002622075
5489.365734646431
5487.180571094594
5484.752078896219
5482.062426852956
5479.847737339453
5478.199710211301
5476.84683945508
5475.146511773158
5473.5007148731565
5472.693493404454
5473.706980644116
5476.300260495928
5479.86024953675
5483.431434934947
5486.657307371781
5488.994356501892
5490.294287889773
5490.229678741828
5489.052095857724
5486.891131746295
5484.2375733699655
5481.252086580483
5478.343589727339
5475.732635899822
5473.971446843782
5472.6652085177875
5471.399885698307
5469.88240027046
5468.846236057189
5468.686395607004
